#mpa_v30_CHOCOPhlAn_201901
clade_name	NCBI_tax_id	48K_relab	47K_relab	46K_relab	42K_relab	41K_relab	40K_relab	36K_relab	35K_relab	34K_relab	30K_relab	29K_relab	28K_relab	24K_relab	23K_relab	22K_relab	18K_relab	17K_relab	16K_relab	12K_relab	11K_relab	10K_relab	06K_relab	05K_relab	04K_relab
k__Bacteria	2	0.01611	1.16908	11.18783	34.82846	53.4399	27.601490000000002	43.53483	15.26503	22.33005	2.94198	1.8071099999999998	11.9793	16.21421	29.192590000000003	35.743390000000005	27.384690000000003	25.54909	21.9645	48.29547	30.915429999999997	15.16826	20.49418	19.60001	22.062920000000002
k__Bacteria|p__Actinobacteria	2|201174	0.01611	0.9479700000000001	1.28109	6.898339999999999	14.34472	6.90349	3.83837	4.91378	0.91924	0.95862	0.60642	1.86475	2.84891	9.85538	16.57514	10.08325	5.0155199999999995	0.8683299999999999	2.3729299999999998	1.4866700000000002	2.29288	2.48794	0.60414	0.78227
k__Bacteria|p__Actinobacteria|c__Actinobacteria	2|201174|1760	0.01611	0	0.17895999999999998	5.54595	12.348930000000001	5.47211	2.54957	2.0951	0	0.95862	0	0.72865	1.9996599999999998	8.62017	15.8442	9.06109	3.8686800000000003	0.16864	1.9950700000000001	0.41505	1.6561099999999997	2.1788	0.38240999999999997	0.78227
k__Bacteria|p__Actinobacteria|c__Actinobacteria|o__Bifidobacteriales	2|201174|1760|85004	0.01611	0	0.17895999999999998	5.54595	12.348930000000001	5.47211	2.54957	2.0951	0	0.95862	0	0.72865	1.9996599999999998	8.62017	15.8442	9.06109	3.8686800000000003	0.16864	1.9950700000000001	0.41505	1.6561099999999997	2.1788	0.38240999999999997	0.78227
k__Bacteria|p__Actinobacteria|c__Actinobacteria|o__Bifidobacteriales|f__Bifidobacteriaceae	2|201174|1760|85004|31953	0.01611	0	0.17895999999999998	5.54595	12.348930000000001	5.47211	2.54957	2.0951	0	0.95862	0	0.72865	1.9996599999999998	8.62017	15.8442	9.06109	3.8686800000000003	0.16864	1.9950700000000001	0.41505	1.6561099999999997	2.1788	0.38240999999999997	0.78227
k__Bacteria|p__Actinobacteria|c__Actinobacteria|o__Bifidobacteriales|f__Bifidobacteriaceae|g__Bifidobacterium	2|201174|1760|85004|31953|1678	0.01611	0	0.17895999999999998	5.54595	12.348930000000001	5.47211	2.54957	2.0951	0	0.95862	0	0.72865	1.9996599999999998	8.62017	15.8442	9.06109	3.8686800000000003	0.16864	1.9950700000000001	0.41505	1.6561099999999997	2.1788	0.38240999999999997	0.78227
k__Bacteria|p__Actinobacteria|c__Actinobacteria|o__Bifidobacteriales|f__Bifidobacteriaceae|g__Bifidobacterium|s__Bifidobacterium_longum	2|201174|1760|85004|31953|1678|216816	0.01611	0	0.17895999999999998	0.00983	0	0.04899	0.21993000000000001	0.47212	0	0	0	0	0	0	0.03921	0.03705	0.08613	0	0	0	0	0.01842	0.0726	0.26171
k__Bacteria|p__Actinobacteria|c__Actinobacteria|o__Bifidobacteriales|f__Bifidobacteriaceae|g__Bifidobacterium|s__Bifidobacterium_pseudocatenulatum	2|201174|1760|85004|31953|1678|28026	0	0	0	0.22093000000000002	0	0.42895	0	0.08002999999999999	0	0	0	0.11689000000000001	0	0.01172	0	0	0	0	0	0.01013	0	0	0	0
k__Bacteria|p__Actinobacteria|c__Actinobacteria|o__Bifidobacteriales|f__Bifidobacteriaceae|g__Bifidobacterium|s__Bifidobacterium_pseudolongum	2|201174|1760|85004|31953|1678|1694	0	0	0	5.31519	12.348930000000001	4.9941699999999996	2.32964	1.54295	0	0.95862	0	0.6117600000000001	1.9996599999999998	8.60845	15.80499	9.02404	3.78255	0.16864	1.9950700000000001	0.40492	1.6561099999999997	2.16037	0.30981	0.52056
k__Bacteria|p__Actinobacteria|c__Coriobacteriia	2|201174|84998	0	0.9479700000000001	1.1021299999999998	1.3524	1.9957900000000002	1.4313799999999999	1.2888	2.81868	0.91924	0	0.60642	1.1361	0.84925	1.2352100000000001	0.73095	1.02216	1.1468399999999999	0.6996899999999999	0.37786	1.07162	0.63677	0.30914	0.22173	0
k__Bacteria|p__Actinobacteria|c__Coriobacteriia|o__Coriobacteriales	2|201174|84998|84999	0	0	0	0	0	0.02085	0	0.10162	0	0	0	0	0	0	0	0	0	0	0	0	0	0	0.10511	0
k__Bacteria|p__Actinobacteria|c__Coriobacteriia|o__Coriobacteriales|f__Coriobacteriaceae	2|201174|84998|84999|84107	0	0	0	0	0	0.02085	0	0.10162	0	0	0	0	0	0	0	0	0	0	0	0	0	0	0.10511	0
k__Bacteria|p__Actinobacteria|c__Coriobacteriia|o__Coriobacteriales|f__Coriobacteriaceae|g__Collinsella	2|201174|84998|84999|84107|102106	0	0	0	0	0	0.02085	0	0.10162	0	0	0	0	0	0	0	0	0	0	0	0	0	0	0.10511	0
k__Bacteria|p__Actinobacteria|c__Coriobacteriia|o__Coriobacteriales|f__Coriobacteriaceae|g__Collinsella|s__Collinsella_aerofaciens	2|201174|84998|84999|84107|102106|74426	0	0	0	0	0	0.02085	0	0.10162	0	0	0	0	0	0	0	0	0	0	0	0	0	0	0.10511	0
k__Bacteria|p__Actinobacteria|c__Coriobacteriia|o__Eggerthellales	2|201174|84998|1643822	0	0.9479700000000001	1.1021299999999998	1.3524	1.9957900000000002	1.4105299999999998	1.2888	2.71707	0.91924	0	0.60642	1.1361	0.84925	1.2352100000000001	0.73095	1.02216	1.1468399999999999	0.6996899999999999	0.37786	1.07162	0.63677	0.30914	0.11662	0
k__Bacteria|p__Actinobacteria|c__Coriobacteriia|o__Eggerthellales|f__Eggerthellaceae	2|201174|84998|1643822|1643826	0	0.9479700000000001	1.1021299999999998	1.3524	1.9957900000000002	1.4105299999999998	1.2888	2.71707	0.91924	0	0.60642	1.1361	0.84925	1.2352100000000001	0.73095	1.02216	1.1468399999999999	0.6996899999999999	0.37786	1.07162	0.63677	0.30914	0.11662	0
k__Bacteria|p__Actinobacteria|c__Coriobacteriia|o__Eggerthellales|f__Eggerthellaceae|g__Enterorhabdus	2|201174|84998|1643822|1643826|580024	0	0.9479700000000001	1.1021299999999998	1.3524	1.9957900000000002	1.4105299999999998	1.2888	2.71707	0.91924	0	0.60642	1.1361	0.84925	1.2352100000000001	0.73095	1.02216	1.1468399999999999	0.6996899999999999	0.37786	1.07162	0.63677	0.30914	0.11662	0
k__Bacteria|p__Actinobacteria|c__Coriobacteriia|o__Eggerthellales|f__Eggerthellaceae|g__Enterorhabdus|s__Enterorhabdus_caecimuris	2|201174|84998|1643822|1643826|580024|671266	0	0.9479700000000001	1.1021299999999998	1.3524	1.9957900000000002	1.4105299999999998	1.2888	2.71707	0.91924	0	0.60642	1.1361	0.84925	1.2352100000000001	0.73095	1.02216	1.1468399999999999	0.6996899999999999	0.37786	1.07162	0.63677	0.30914	0.11662	0
k__Bacteria|p__Bacteroidetes	2|976	0	0	0.46401000000000003	0.519	0.13362000000000002	0.71378	0.44114	2.40028	0.21158000000000002	0	0.13323	1.34165	0.6716300000000001	1.43364	0.82904	0.94544	0.8266399999999999	0.22960999999999998	2.39141	1.54606	0.67081	0.34003	0.19115	0.22398
k__Bacteria|p__Bacteroidetes|c__Bacteroidia	2|976|200643	0	0	0.46401000000000003	0.519	0.13362000000000002	0.71378	0.44114	2.40028	0.21158000000000002	0	0.13323	1.34165	0.6716300000000001	1.43364	0.82904	0.94544	0.8266399999999999	0.22960999999999998	2.39141	1.54606	0.67081	0.34003	0.19115	0.22398
k__Bacteria|p__Bacteroidetes|c__Bacteroidia|o__Bacteroidales	2|976|200643|171549	0	0	0.46401000000000003	0.519	0.13362000000000002	0.71378	0.44114	2.40028	0.21158000000000002	0	0.13323	1.34165	0.6716300000000001	1.43364	0.82904	0.94544	0.8266399999999999	0.22960999999999998	2.39141	1.54606	0.67081	0.34003	0.19115	0.22398
k__Bacteria|p__Bacteroidetes|c__Bacteroidia|o__Bacteroidales|f__Bacteroidaceae	2|976|200643|171549|815	0	0	0.46401000000000003	0.519	0.13362000000000002	0.71378	0.44114	2.40028	0.21158000000000002	0	0.13323	1.34165	0	0.39944	0.07987000000000001	0.94544	0.8266399999999999	0.22960999999999998	2.39141	1.54606	0.67081	0.34003	0.19115	0.22398
k__Bacteria|p__Bacteroidetes|c__Bacteroidia|o__Bacteroidales|f__Bacteroidaceae|g__Bacteroides	2|976|200643|171549|815|816	0	0	0.46401000000000003	0.519	0.13362000000000002	0.71378	0.44114	2.40028	0.21158000000000002	0	0.13323	1.34165	0	0.39944	0.07987000000000001	0.94544	0.8266399999999999	0.22960999999999998	2.39141	1.54606	0.67081	0.34003	0.19115	0.22398
k__Bacteria|p__Bacteroidetes|c__Bacteroidia|o__Bacteroidales|f__Bacteroidaceae|g__Bacteroides|s__Bacteroides_thetaiotaomicron	2|976|200643|171549|815|816|818	0	0	0.46401000000000003	0.519	0.13362000000000002	0.71378	0.44114	2.40028	0.21158000000000002	0	0.13323	1.34165	0	0.39944	0.07987000000000001	0.94544	0.8266399999999999	0.22960999999999998	2.39141	1.54606	0.67081	0.34003	0.19115	0.22398
k__Bacteria|p__Bacteroidetes|c__Bacteroidia|o__Bacteroidales|f__Muribaculaceae	2|976|200643|171549|2005473	0	0	0	0	0	0	0	0	0	0	0	0	0.6716300000000001	1.0342	0.74917	0	0	0	0	0	0	0	0	0
k__Bacteria|p__Bacteroidetes|c__Bacteroidia|o__Bacteroidales|f__Muribaculaceae|g__Muribaculaceae_unclassified	2|976|200643|171549|2005473|	0	0	0	0	0	0	0	0	0	0	0	0	0.6716300000000001	1.0342	0.74917	0	0	0	0	0	0	0	0	0
k__Bacteria|p__Bacteroidetes|c__Bacteroidia|o__Bacteroidales|f__Muribaculaceae|g__Muribaculaceae_unclassified|s__Muribaculaceae_bacterium_DSM_103720	2|976|200643|171549|2005473||2094237	0	0	0	0	0	0	0	0	0	0	0	0	0.6716300000000001	1.0342	0.74917	0	0	0	0	0	0	0	0	0
k__Bacteria|p__Firmicutes	2|1239	0	0.10442	9.442730000000001	27.37875	38.59621	19.98422	39.171	5.37044	21.18369	1.98337	1.0674700000000001	8.7729	12.693660000000001	17.09856	15.181870000000002	12.5631	14.956179999999998	12.71292	43.2702	26.637959999999996	11.72177	17.61296	18.80471	21.05667
k__Bacteria|p__Firmicutes|c__Bacilli	2|1239|91061	0	0.10442	0.39255999999999996	0	1.2917299999999998	0.4226	6.32961	3.10284	1.0572	0.62967	0.050960000000000005	0.40346	0.01158	0.23231	0.9529700000000001	0.30559000000000003	0.6846800000000001	0.10073	0.00877	0	0	3.00751	0	0
k__Bacteria|p__Firmicutes|c__Bacilli|o__Lactobacillales	2|1239|91061|186826	0	0.10442	0.39255999999999996	0	1.2917299999999998	0.4226	6.32961	3.10284	1.0572	0.62967	0.050960000000000005	0.40346	0.01158	0.23231	0.9529700000000001	0.30559000000000003	0.6846800000000001	0.10073	0.00877	0	0	3.00751	0	0
k__Bacteria|p__Firmicutes|c__Bacilli|o__Lactobacillales|f__Enterococcaceae	2|1239|91061|186826|81852	0	0	0	0	0	0	0	0	0	0	0.050960000000000005	0	0	0.12333	0.0197	0	0	0	0.00877	0	0	0	0	0
k__Bacteria|p__Firmicutes|c__Bacilli|o__Lactobacillales|f__Enterococcaceae|g__Enterococcus	2|1239|91061|186826|81852|1350	0	0	0	0	0	0	0	0	0	0	0.050960000000000005	0	0	0.12333	0.0197	0	0	0	0.00877	0	0	0	0	0
k__Bacteria|p__Firmicutes|c__Bacilli|o__Lactobacillales|f__Enterococcaceae|g__Enterococcus|s__Enterococcus_faecalis	2|1239|91061|186826|81852|1350|1351	0	0	0	0	0	0	0	0	0	0	0.050960000000000005	0	0	0	0	0	0	0	0.00877	0	0	0	0	0
k__Bacteria|p__Firmicutes|c__Bacilli|o__Lactobacillales|f__Enterococcaceae|g__Enterococcus|s__Enterococcus_faecium	2|1239|91061|186826|81852|1350|1352	0	0	0	0	0	0	0	0	0	0	0	0	0	0.12333	0.0197	0	0	0	0	0	0	0	0	0
k__Bacteria|p__Firmicutes|c__Bacilli|o__Lactobacillales|f__Lactobacillaceae	2|1239|91061|186826|33958	0	0.10442	0.39255999999999996	0	1.2917299999999998	0.4226	6.32961	3.10284	1.0572	0.62967	0	0.40346	0.01158	0.10898	0.9332799999999999	0.30559000000000003	0.6846800000000001	0.10073	0	0	0	3.00751	0	0
k__Bacteria|p__Firmicutes|c__Bacilli|o__Lactobacillales|f__Lactobacillaceae|g__Lactobacillus	2|1239|91061|186826|33958|1578	0	0.10442	0.39255999999999996	0	1.2917299999999998	0.4226	6.32961	3.10284	1.0572	0.62967	0	0.40346	0.01158	0.10898	0.9332799999999999	0.30559000000000003	0.6846800000000001	0.10073	0	0	0	3.00751	0	0
k__Bacteria|p__Firmicutes|c__Bacilli|o__Lactobacillales|f__Lactobacillaceae|g__Lactobacillus|s__Lactobacillus_animalis	2|1239|91061|186826|33958|1578|1605	0	0.10442	0.39255999999999996	0	1.22482	0.4226	0.5130100000000001	0.313	1.00586	0.5703699999999999	0	0.40346	0.01158	0.10898	0.9332799999999999	0.30559000000000003	0.64045	0.10073	0	0	0	2.56847	0	0
k__Bacteria|p__Firmicutes|c__Bacilli|o__Lactobacillales|f__Lactobacillaceae|g__Lactobacillus|s__Lactobacillus_johnsonii	2|1239|91061|186826|33958|1578|33959	0	0	0	0	0	0	5.239380000000001	2.65345	0	0	0	0	0	0	0	0	0.044239999999999995	0	0	0	0	0	0	0
k__Bacteria|p__Firmicutes|c__Bacilli|o__Lactobacillales|f__Lactobacillaceae|g__Lactobacillus|s__Lactobacillus_murinus	2|1239|91061|186826|33958|1578|1622	0	0	0	0	0.06692000000000001	0	0	0	0.051329999999999994	0.0593	0	0	0	0	0	0	0	0	0	0	0	0.43904	0	0
k__Bacteria|p__Firmicutes|c__Bacilli|o__Lactobacillales|f__Lactobacillaceae|g__Lactobacillus|s__Lactobacillus_reuteri	2|1239|91061|186826|33958|1578|1598	0	0	0	0	0	0	0.57722	0.13638	0	0	0	0	0	0	0	0	0	0	0	0	0	0	0	0
k__Bacteria|p__Firmicutes|c__Clostridia	2|1239|186801	0	0	9.050180000000001	3.23462	9.94993	19.35277	3.68435	2.26761	10.08244	0	0.56916	8.369439999999999	10.090710000000001	6.80495	0.8461299999999999	10.69929	2.52829	8.20314	30.845879999999998	26.637959999999996	11.1287	14.60545	18.219739999999998	20.95427
k__Bacteria|p__Firmicutes|c__Clostridia|o__Clostridiales	2|1239|186801|186802	0	0	9.050180000000001	3.23462	9.94993	19.35277	3.68435	2.26761	10.08244	0	0.56916	8.369439999999999	10.090710000000001	6.80495	0.8461299999999999	10.69929	2.52829	8.20314	30.845879999999998	26.637959999999996	11.1287	14.60545	18.219739999999998	20.95427
k__Bacteria|p__Firmicutes|c__Clostridia|o__Clostridiales|f__Clostridiaceae	2|1239|186801|186802|31979	0	0	0	0	0	0	0	0	0	0	0	0	0	0	0	0	0.06972	0.11449000000000001	0.26703000000000005	0.33587	0.17481	0.2747	0	0
k__Bacteria|p__Firmicutes|c__Clostridia|o__Clostridiales|f__Clostridiaceae|g__Clostridium	2|1239|186801|186802|31979|1485	0	0	0	0	0	0	0	0	0	0	0	0	0	0	0	0	0.06972	0.11449000000000001	0.26703000000000005	0.33587	0.17481	0.2747	0	0
k__Bacteria|p__Firmicutes|c__Clostridia|o__Clostridiales|f__Clostridiaceae|g__Clostridium|s__Clostridium_sp_ASF356	2|1239|186801|186802|31979|1485|97138	0	0	0	0	0	0	0	0	0	0	0	0	0	0	0	0	0	0	0	0.02974	0	0	0	0
k__Bacteria|p__Firmicutes|c__Clostridia|o__Clostridiales|f__Clostridiaceae|g__Clostridium|s__Clostridium_sp_ASF502	2|1239|186801|186802|31979|1485|97139	0	0	0	0	0	0	0	0	0	0	0	0	0	0	0	0	0.06972	0.11449000000000001	0.26703000000000005	0.30612	0.17481	0.2747	0	0
k__Bacteria|p__Firmicutes|c__Clostridia|o__Clostridiales|f__Lachnospiraceae	2|1239|186801|186802|186803	0	0	4.2997	2.93911	8.28828	18.8205	3.2361299999999997	0.14476	9.88509	0	0.56916	7.1287199999999995	8.322569999999999	0.52299	0.61784	10.03995	1.18497	7.661989999999999	30.418440000000004	26.16433	10.58469	13.855939999999999	17.949279999999998	20.575779999999998
k__Bacteria|p__Firmicutes|c__Clostridia|o__Clostridiales|f__Lachnospiraceae|g__Acetatifactor	2|1239|186801|186802|186803|1427378	0	0	0.038	0	0.05977999999999999	0	0	0	0	0	0	0	0.01824	0.0892	0	0	0	0.06971000000000001	0.02565	0.23398000000000002	0.20905	0	0.04317	0
k__Bacteria|p__Firmicutes|c__Clostridia|o__Clostridiales|f__Lachnospiraceae|g__Acetatifactor|s__Acetatifactor_muris	2|1239|186801|186802|186803|1427378|879566	0	0	0.038	0	0.05977999999999999	0	0	0	0	0	0	0	0.01824	0.0892	0	0	0	0.06971000000000001	0.02565	0.23398000000000002	0.20905	0	0.04317	0
k__Bacteria|p__Firmicutes|c__Clostridia|o__Clostridiales|f__Lachnospiraceae|g__Dorea	2|1239|186801|186802|186803|189330	0	0	0.04033	0.01099	0.00606	0	0	0	0	0	0	0.16178	0	0	0	0	0.029639999999999996	0.25706999999999997	0.42328000000000005	0.23571	0.62761	0.19525	0	0
k__Bacteria|p__Firmicutes|c__Clostridia|o__Clostridiales|f__Lachnospiraceae|g__Dorea|s__Dorea_sp_5_2	2|1239|186801|186802|186803|189330|1235798	0	0	0.04033	0.01099	0.00606	0	0	0	0	0	0	0.16178	0	0	0	0	0.029639999999999996	0.25706999999999997	0.42328000000000005	0.23571	0.62761	0.19525	0	0
k__Bacteria|p__Firmicutes|c__Clostridia|o__Clostridiales|f__Lachnospiraceae|g__Lachnospiraceae_unclassified	2|1239|186801|186802|186803|	0	0	4.22138	2.9281200000000003	8.222439999999999	18.8205	3.2361299999999997	0.14476	9.88509	0	0.56916	6.966939999999999	8.30433	0.4338	0.61784	10.03995	1.15533	7.3352	29.9695	25.69464	9.74803	13.660689999999999	17.90611	20.575779999999998
k__Bacteria|p__Firmicutes|c__Clostridia|o__Clostridiales|f__Lachnospiraceae|g__Lachnospiraceae_unclassified|s__Lachnospiraceae_bacterium_28_4	2|1239|186801|186802|186803||397287	0	0	0.23185999999999998	0	0	0	0	0	0.03113	0	0	0	0	0	0	1.79475	0	0	0	0.12673	0.09328	0	0	0
k__Bacteria|p__Firmicutes|c__Clostridia|o__Clostridiales|f__Lachnospiraceae|g__Lachnospiraceae_unclassified|s__Lachnospiraceae_bacterium_3_1	2|1239|186801|186802|186803||397288	0	0	0	0	0	0	0	0	0	0	0	0	0	0.0126	0.02068	0	0.059410000000000004	0.1195	0	0	0.05065	0.12417	0.08651	0.07607
k__Bacteria|p__Firmicutes|c__Clostridia|o__Clostridiales|f__Lachnospiraceae|g__Lachnospiraceae_unclassified|s__Lachnospiraceae_bacterium_3_2	2|1239|186801|186802|186803||1235799	0	0	0	0.83385	0	0.20165999999999998	0.13226	0	0	0	0	0.43532	0	0	0	1.58323	0.36254000000000003	2.0175400000000003	0	3.49712	2.52779	0.09988999999999999	0.7435	0.09228
k__Bacteria|p__Firmicutes|c__Clostridia|o__Clostridiales|f__Lachnospiraceae|g__Lachnospiraceae_unclassified|s__Lachnospiraceae_bacterium_A2	2|1239|186801|186802|186803||397290	0	0	0	0.97214	2.41907	4.68585	0	0.14476	0	0	0	3.5327900000000003	1.6234899999999999	0.4212	0.59716	6.661969999999999	0.65385	5.1658800000000005	0.8689100000000001	0	0.18319000000000002	1.39094	8.647730000000001	7.44428
k__Bacteria|p__Firmicutes|c__Clostridia|o__Clostridiales|f__Lachnospiraceae|g__Lachnospiraceae_unclassified|s__Lachnospiraceae_bacterium_A4	2|1239|186801|186802|186803||397291	0	0	3.78074	1.12214	5.80337	13.93299	3.10387	0	9.85396	0	0.56916	2.99883	6.68085	0	0	0	0	0	28.940309999999997	22.07079	6.89312	11.962439999999999	8.42837	12.86825
k__Bacteria|p__Firmicutes|c__Clostridia|o__Clostridiales|f__Lachnospiraceae|g__Lachnospiraceae_unclassified|s__Lachnospiraceae_bacterium_COE1	2|1239|186801|186802|186803||1235793	0	0	0	0	0	0	0	0	0	0	0	0	0	0	0	0	0	0	0	0	0	0	0	0.0949
k__Bacteria|p__Firmicutes|c__Clostridia|o__Clostridiales|f__Lachnospiraceae|g__Lachnospiraceae_unclassified|s__Lachnospiraceae_bacterium_M18_1	2|1239|186801|186802|186803||1235792	0	0	0.20878000000000002	0	0	0	0	0	0	0	0	0	0	0	0	0	0.07952999999999999	0.03229	0.16029000000000002	0	0	0.08324	0	0
k__Bacteria|p__Firmicutes|c__Clostridia|o__Clostridiales|f__Oscillospiraceae	2|1239|186801|186802|216572	0	0	0	0	0	0.2331	0	0	0	0	0	0.8398700000000001	0	0.21999000000000002	0.08434	0.18101	0	0	0	0	0	0.11067	0	0
k__Bacteria|p__Firmicutes|c__Clostridia|o__Clostridiales|f__Oscillospiraceae|g__Oscillibacter	2|1239|186801|186802|216572|459786	0	0	0	0	0	0.2331	0	0	0	0	0	0.8398700000000001	0	0.21999000000000002	0.08434	0.18101	0	0	0	0	0	0.11067	0	0
k__Bacteria|p__Firmicutes|c__Clostridia|o__Clostridiales|f__Oscillospiraceae|g__Oscillibacter|s__Oscillibacter_sp_1_3	2|1239|186801|186802|216572|459786|1235797	0	0	0	0	0	0.2331	0	0	0	0	0	0.8398700000000001	0	0.21999000000000002	0.08434	0.18101	0	0	0	0	0	0.11067	0	0
k__Bacteria|p__Firmicutes|c__Clostridia|o__Clostridiales|f__Peptostreptococcaceae	2|1239|186801|186802|186804	0	0	0	0	0	0	0.03191	0	0	0	0	0	0	0	0	0	0.01696	0	0	0	0	0	0.11812	0
k__Bacteria|p__Firmicutes|c__Clostridia|o__Clostridiales|f__Peptostreptococcaceae|g__Romboutsia	2|1239|186801|186802|186804|1501226	0	0	0	0	0	0	0.03191	0	0	0	0	0	0	0	0	0	0.01696	0	0	0	0	0	0.11812	0
k__Bacteria|p__Firmicutes|c__Clostridia|o__Clostridiales|f__Peptostreptococcaceae|g__Romboutsia|s__Romboutsia_ilealis	2|1239|186801|186802|186804|1501226|1115758	0	0	0	0	0	0	0.03191	0	0	0	0	0	0	0	0	0	0.01696	0	0	0	0	0	0.11812	0
k__Bacteria|p__Firmicutes|c__Clostridia|o__Clostridiales|f__Ruminococcaceae	2|1239|186801|186802|541000	0	0	4.7504800000000005	0.29551	1.66166	0.29917	0.4163	2.12284	0.19734000000000002	0	0	0.40085	1.76814	6.06197	0.14396	0.47833000000000003	1.25663	0.42665	0.16042	0.13776	0.3692	0.36414	0.15234	0.37848000000000004
k__Bacteria|p__Firmicutes|c__Clostridia|o__Clostridiales|f__Ruminococcaceae|g__Acutalibacter	2|1239|186801|186802|541000|1918385	0	0	4.5777	0.29551	1.66166	0.19513	0.4163	2.04687	0	0	0	0.1462	1.63515	5.66659	0.06813	0	1.0880299999999998	0.22701999999999997	0	0	0	0.10440999999999999	0.15234	0
k__Bacteria|p__Firmicutes|c__Clostridia|o__Clostridiales|f__Ruminococcaceae|g__Acutalibacter|s__Acutalibacter_muris	2|1239|186801|186802|541000|1918385|1796620	0	0	4.5777	0.29551	1.66166	0.19513	0.4163	2.04687	0	0	0	0.1462	1.63515	5.66659	0.06813	0	1.0880299999999998	0.22701999999999997	0	0	0	0.10440999999999999	0.15234	0
k__Bacteria|p__Firmicutes|c__Clostridia|o__Clostridiales|f__Ruminococcaceae|g__Anaerotruncus	2|1239|186801|186802|541000|244127	0	0	0.17277	0	0	0.10404000000000001	0	0.07597999999999999	0.19734000000000002	0	0	0.25465	0.13299	0.39538	0.07583	0.47833000000000003	0.1686	0.19963	0.16042	0.13776	0.3692	0.25973	0	0.37848000000000004
k__Bacteria|p__Firmicutes|c__Clostridia|o__Clostridiales|f__Ruminococcaceae|g__Anaerotruncus|s__Anaerotruncus_sp_G3_2012	2|1239|186801|186802|541000|244127|1235835	0	0	0.17277	0	0	0.10404000000000001	0	0.07597999999999999	0.19734000000000002	0	0	0.25465	0.13299	0.39538	0.07583	0.47833000000000003	0.1686	0.19963	0.16042	0.13776	0.3692	0.25973	0	0.37848000000000004
k__Bacteria|p__Firmicutes|c__Erysipelotrichia	2|1239|526524	0	0	0	24.14413	27.354540000000004	0.20884	29.15705	0	10.04406	1.35369	0.44733999999999996	0	2.59137	10.0613	13.38277	1.55823	11.743210000000001	4.40904	12.41555	0	0.59307	0	0.58497	0.1024
k__Bacteria|p__Firmicutes|c__Erysipelotrichia|o__Erysipelotrichales	2|1239|526524|526525	0	0	0	24.14413	27.354540000000004	0.20884	29.15705	0	10.04406	1.35369	0.44733999999999996	0	2.59137	10.0613	13.38277	1.55823	11.743210000000001	4.40904	12.41555	0	0.59307	0	0.58497	0.1024
k__Bacteria|p__Firmicutes|c__Erysipelotrichia|o__Erysipelotrichales|f__Erysipelotrichaceae	2|1239|526524|526525|128827	0	0	0	24.14413	27.354540000000004	0.20884	29.15705	0	10.04406	1.35369	0.44733999999999996	0	2.59137	10.0613	13.38277	1.55823	11.743210000000001	4.40904	12.41555	0	0.59307	0	0.58497	0.1024
k__Bacteria|p__Firmicutes|c__Erysipelotrichia|o__Erysipelotrichales|f__Erysipelotrichaceae|g__Dubosiella	2|1239|526524|526525|128827|1937008	0	0	0	0	1.00537	0	0	0	0	0	0	0	2.59137	0.62654	0	0.14032	0.38369000000000003	0	12.40727	0	0	0	0	0
k__Bacteria|p__Firmicutes|c__Erysipelotrichia|o__Erysipelotrichales|f__Erysipelotrichaceae|g__Dubosiella|s__Dubosiella_newyorkensis	2|1239|526524|526525|128827|1937008|1862672	0	0	0	0	1.00537	0	0	0	0	0	0	0	2.59137	0.62654	0	0.14032	0.38369000000000003	0	12.40727	0	0	0	0	0
k__Bacteria|p__Firmicutes|c__Erysipelotrichia|o__Erysipelotrichales|f__Erysipelotrichaceae|g__Faecalibaculum	2|1239|526524|526525|128827|1729679	0	0	0	24.14413	26.34917	0.20884	29.15705	0	10.04406	1.35369	0.44733999999999996	0	0	9.43476	13.230189999999999	1.41791	11.35952	4.40904	0.00828	0	0.59307	0	0.58497	0.1024
k__Bacteria|p__Firmicutes|c__Erysipelotrichia|o__Erysipelotrichales|f__Erysipelotrichaceae|g__Faecalibaculum|s__Faecalibaculum_rodentium	2|1239|526524|526525|128827|1729679|1702221	0	0	0	24.14413	26.34917	0.20884	29.15705	0	10.04406	1.35369	0.44733999999999996	0	0	9.43476	13.230189999999999	1.41791	11.35952	4.40904	0.00828	0	0.59307	0	0.58497	0.1024
k__Bacteria|p__Firmicutes|c__Erysipelotrichia|o__Erysipelotrichales|f__Erysipelotrichaceae|g__Ileibacterium	2|1239|526524|526525|128827|1937007	0	0	0	0	0	0	0	0	0	0	0	0	0	0	0.15258	0	0	0	0	0	0	0	0	0
k__Bacteria|p__Firmicutes|c__Erysipelotrichia|o__Erysipelotrichales|f__Erysipelotrichaceae|g__Ileibacterium|s__Ileibacterium_valens	2|1239|526524|526525|128827|1937007|1862668	0	0	0	0	0	0	0	0	0	0	0	0	0	0	0.15258	0	0	0	0	0	0	0	0	0
k__Bacteria|p__Proteobacteria	2|1224	0	0	0	0.03236	0.16072	0	0	0	0	0	0	0	0	0	0.18352000000000002	0	0	0	0	0	0	0	0	0
k__Bacteria|p__Proteobacteria|c__Betaproteobacteria	2|1224|28216	0	0	0	0.03236	0.16072	0	0	0	0	0	0	0	0	0	0.18352000000000002	0	0	0	0	0	0	0	0	0
k__Bacteria|p__Proteobacteria|c__Betaproteobacteria|o__Burkholderiales	2|1224|28216|80840	0	0	0	0.03236	0.16072	0	0	0	0	0	0	0	0	0	0.18352000000000002	0	0	0	0	0	0	0	0	0
k__Bacteria|p__Proteobacteria|c__Betaproteobacteria|o__Burkholderiales|f__Sutterellaceae	2|1224|28216|80840|995019	0	0	0	0.03236	0.16072	0	0	0	0	0	0	0	0	0	0.18352000000000002	0	0	0	0	0	0	0	0	0
k__Bacteria|p__Proteobacteria|c__Betaproteobacteria|o__Burkholderiales|f__Sutterellaceae|g__Parasutterella	2|1224|28216|80840|995019|577310	0	0	0	0.03236	0.16072	0	0	0	0	0	0	0	0	0	0.18352000000000002	0	0	0	0	0	0	0	0	0
k__Bacteria|p__Proteobacteria|c__Betaproteobacteria|o__Burkholderiales|f__Sutterellaceae|g__Parasutterella|s__Parasutterella_excrementihominis	2|1224|28216|80840|995019|577310|487175	0	0	0	0.03236	0.16072	0	0	0	0	0	0	0	0	0	0.18352000000000002	0	0	0	0	0	0	0	0	0
k__Bacteria|p__Verrucomicrobia	2|74201	0	0.11669000000000002	0	0	0.20463	0	0.08432	2.58053	0.01554	0	0	0	0	0.80501	2.97381	3.7928900000000003	4.75075	8.15365	0.26093	1.24474	0.48281999999999997	0.05325	0	0
k__Bacteria|p__Verrucomicrobia|c__Verrucomicrobiae	2|74201|203494	0	0.11669000000000002	0	0	0.20463	0	0.08432	2.58053	0.01554	0	0	0	0	0.80501	2.97381	3.7928900000000003	4.75075	8.15365	0.26093	1.24474	0.48281999999999997	0.05325	0	0
k__Bacteria|p__Verrucomicrobia|c__Verrucomicrobiae|o__Verrucomicrobiales	2|74201|203494|48461	0	0.11669000000000002	0	0	0.20463	0	0.08432	2.58053	0.01554	0	0	0	0	0.80501	2.97381	3.7928900000000003	4.75075	8.15365	0.26093	1.24474	0.48281999999999997	0.05325	0	0
k__Bacteria|p__Verrucomicrobia|c__Verrucomicrobiae|o__Verrucomicrobiales|f__Akkermansiaceae	2|74201|203494|48461|1647988	0	0.11669000000000002	0	0	0.20463	0	0.08432	2.58053	0.01554	0	0	0	0	0.80501	2.97381	3.7928900000000003	4.75075	8.15365	0.26093	1.24474	0.48281999999999997	0.05325	0	0
k__Bacteria|p__Verrucomicrobia|c__Verrucomicrobiae|o__Verrucomicrobiales|f__Akkermansiaceae|g__Akkermansia	2|74201|203494|48461|1647988|239934	0	0.11669000000000002	0	0	0.20463	0	0.08432	2.58053	0.01554	0	0	0	0	0.80501	2.97381	3.7928900000000003	4.75075	8.15365	0.26093	1.24474	0.48281999999999997	0.05325	0	0
k__Bacteria|p__Verrucomicrobia|c__Verrucomicrobiae|o__Verrucomicrobiales|f__Akkermansiaceae|g__Akkermansia|s__Akkermansia_muciniphila	2|74201|203494|48461|1647988|239934|239935	0	0.11669000000000002	0	0	0.20463	0	0.08432	2.58053	0.01554	0	0	0	0	0.80501	2.97381	3.7928900000000003	4.75075	8.15365	0.26093	1.24474	0.48281999999999997	0.05325	0	0
k__Viruses	10239	99.98389	98.83091999999999	88.81217	65.17154000000001	46.5601	72.39851	56.46516999999999	84.73496999999999	77.66995	97.05802	98.19289	88.0207	83.78579	70.80741	64.25661	72.61531	74.45091	78.0355	51.70453	69.08457	84.83174	79.50582	80.39999	77.93708000000001
k__Viruses|p__Viruses_unclassified	10239|	99.98389	98.83091999999999	88.81217	65.17154000000001	46.5601	72.39851	56.46516999999999	84.73496999999999	77.66995	97.05802	98.19289	88.0207	83.78579	70.80741	64.25661	72.61531	74.45091	78.0355	51.70453	69.08457	84.83174	79.50582	80.39999	77.93708000000001
k__Viruses|p__Viruses_unclassified|c__Viruses_unclassified	10239||	99.98389	98.83091999999999	88.81217	65.17154000000001	46.5601	72.39851	56.46516999999999	84.73496999999999	77.66995	97.05802	98.19289	88.0207	83.78579	70.80741	64.25661	72.61531	74.45091	78.0355	51.70453	69.08457	84.83174	79.50582	80.39999	77.93708000000001
k__Viruses|p__Viruses_unclassified|c__Viruses_unclassified|o__Caudovirales|f__Myoviridae|g__Muvirus	10239|||28883|10662|186777	0	0	0	0	0.54415	0	0	0	0	0	0	0	0	0	0	0	0	0	0	0	0	0	0	0
k__Viruses|p__Viruses_unclassified|c__Viruses_unclassified|o__Caudovirales|f__Myoviridae|g__Muvirus|s__Escherichia_phage_D108	10239|||28883|10662|186777|665033	0	0	0	0	0.54415	0	0	0	0	0	0	0	0	0	0	0	0	0	0	0	0	0	0	0
k__Viruses|p__Viruses_unclassified|c__Viruses_unclassified|o__Caudovirales|f__Myoviridae|g__Myoviridae_unclassified	10239|||28883|10662|	0	0	0	0	0	0	4.40067	0	0	0	0	0	0	0	0	0	0	0	0	0	0	0	0	0
k__Viruses|p__Viruses_unclassified|c__Viruses_unclassified|o__Caudovirales|f__Myoviridae|g__Myoviridae_unclassified|s__Lactobacillus_prophage_Lj771	10239|||28883|10662||139871	0	0	0	0	0	0	4.40067	0	0	0	0	0	0	0	0	0	0	0	0	0	0	0	0	0
k__Viruses|p__Viruses_unclassified|c__Viruses_unclassified|o__Caudovirales|f__Podoviridae	10239|||28883|10744	0	0	0	0	0	0	0	0	0	0	0	0	0	0	0	0	0.39232	0	0	0	0	0	0	0
k__Viruses|p__Viruses_unclassified|c__Viruses_unclassified|o__Caudovirales|f__Podoviridae|g__Podoviridae_unclassified	10239|||28883|10744|	0	0	0	0	0	0	0	0	0	0	0	0	0	0	0	0	0.39232	0	0	0	0	0	0	0
k__Viruses|p__Viruses_unclassified|c__Viruses_unclassified|o__Caudovirales|f__Podoviridae|g__Podoviridae_unclassified|s__Enterococcus_phage_EF62phi	10239|||28883|10744||977801	0	0	0	0	0	0	0	0	0	0	0	0	0	0	0	0	0.39232	0	0	0	0	0	0	0
k__Viruses|p__Viruses_unclassified|c__Viruses_unclassified|o__Caudovirales|f__Siphoviridae	10239|||28883|10699	0	0	0	0	0	0	0	0	0	0	0	0	0	0	0	0	0	0.25625	0	0	0	0	0	0
k__Viruses|p__Viruses_unclassified|c__Viruses_unclassified|o__Caudovirales|f__Siphoviridae|g__Siphoviridae_unclassified	10239|||28883|10699|	0	0	0	0	0	0	0	0	0	0	0	0	0	0	0	0	0	0.25625	0	0	0	0	0	0
k__Viruses|p__Viruses_unclassified|c__Viruses_unclassified|o__Caudovirales|f__Siphoviridae|g__Siphoviridae_unclassified|s__Clostridium_phage_PhiS63	10239|||28883|10699||1187894	0	0	0	0	0	0	0	0	0	0	0	0	0	0	0	0	0	0.25625	0	0	0	0	0	0
k__Viruses|p__Viruses_unclassified|c__Viruses_unclassified|o__Herpesvirales	10239|||548681	83.1436	85.28633	72.4981	57.0346	38.21206	60.74881	44.82908	71.68307	61.6743	77.87931999999999	82.30113	72.20945999999999	70.01581	55.349	52.44979	60.13136	60.95033000000001	62.0888	43.594840000000005	56.79475	73.5092	64.59111999999999	68.18678	63.88094
k__Viruses|p__Viruses_unclassified|c__Viruses_unclassified|o__Herpesvirales|f__Alloherpesviridae	10239|||548681|548682	80.77402	84.65796	70.61418	55.90342	37.4355	59.200990000000004	44.180659999999996	68.90182	60.70098	76.57217	80.17262	70.53959	69.40141	54.090619999999994	51.22043	59.136390000000006	60.60235	61.11111	42.68029	55.51849	71.62810999999999	63.16133000000001	66.2707	63.17613000000001
k__Viruses|p__Viruses_unclassified|c__Viruses_unclassified|o__Herpesvirales|f__Alloherpesviridae|g__Cyprinivirus	10239|||548681|548682|692606	80.77402	84.65796	70.61418	55.90342	37.4355	59.200990000000004	44.180659999999996	68.90182	60.70098	76.57217	80.17262	70.53959	69.40141	54.090619999999994	51.22043	59.136390000000006	60.60235	61.11111	42.68029	55.51849	71.62810999999999	63.16133000000001	66.2707	63.17613000000001
k__Viruses|p__Viruses_unclassified|c__Viruses_unclassified|o__Herpesvirales|f__Alloherpesviridae|g__Cyprinivirus|s__Anguillid_herpesvirus_1	10239|||548681|548682|692606|150286	1.66805	2.16702	1.56908	1.46862	0.87626	1.91431	0.89199	1.41303	1.9580400000000002	1.49023	3.23599	1.3329600000000001	1.32427	2.32803	1.5444	1.29396	1.51715	2.24159	1.31415	2.1282400000000004	1.9304	1.9576	2.12137	0.68819
k__Viruses|p__Viruses_unclassified|c__Viruses_unclassified|o__Herpesvirales|f__Alloherpesviridae|g__Cyprinivirus|s__Cyprinid_herpesvirus_3	10239|||548681|548682|692606|180230	79.10597	82.49093	69.0451	54.43481	36.55924	57.286680000000004	43.28867	67.48879000000001	58.74293	75.08194	76.93663000000001	69.20662	68.07714	51.76259	49.67603	57.84243000000001	59.0852	58.869519999999994	41.36614	53.39025	69.69771	61.20373000000001	64.14933	62.48795
k__Viruses|p__Viruses_unclassified|c__Viruses_unclassified|o__Herpesvirales|f__Herpesviridae	10239|||548681|10292	2.36958	0.62837	1.88392	1.13117	0.77656	1.5478100000000001	0.64842	2.78125	0.9733200000000001	1.30715	2.12851	1.66988	0.6144	1.2583799999999998	1.22937	0.99497	0.34798	0.97769	0.91455	1.27626	1.8810900000000002	1.42979	1.9160700000000002	0.7048
k__Viruses|p__Viruses_unclassified|c__Viruses_unclassified|o__Herpesvirales|f__Herpesviridae|g__Macavirus	10239|||548681|10292|548687	1.6370799999999999	0.62837	1.13747	0.8517100000000001	0.6098100000000001	0.88815	0.45982	1.4048	0.9733200000000001	0.17285	1.7662799999999999	1.35281	0.6144	0.50629	0.5511699999999999	0.6432100000000001	0.15997	0.69333	0.91455	0.15428	1.03339	0.9731	1.30263	0.19955
k__Viruses|p__Viruses_unclassified|c__Viruses_unclassified|o__Herpesvirales|f__Herpesviridae|g__Macavirus|s__Alcelaphine_gammaherpesvirus_1	10239|||548681|10292|548687|35252	1.6370799999999999	0.62837	1.13747	0.8517100000000001	0.6098100000000001	0.88815	0.45982	1.4048	0.9733200000000001	0.17285	1.7662799999999999	1.35281	0.6144	0.50629	0.5511699999999999	0.6432100000000001	0.15997	0.69333	0.91455	0.15428	1.03339	0.9731	1.30263	0.19955
k__Viruses|p__Viruses_unclassified|c__Viruses_unclassified|o__Herpesvirales|f__Herpesviridae|g__Rhadinovirus	10239|||548681|10292|10379	0.73249	0	0.74645	0.27946	0.16674	0.4857	0.1886	1.15236	0	1.1343	0.36222	0.31706	0	0.55375	0.67819	0.35175	0	0.28436999999999996	0	0.75934	0.8477	0.26608000000000004	0.47491000000000005	0.32739
k__Viruses|p__Viruses_unclassified|c__Viruses_unclassified|o__Herpesvirales|f__Herpesviridae|g__Rhadinovirus|s__Ateline_gammaherpesvirus_3	10239|||548681|10292|10379|85618	0.73249	0	0.74645	0.27946	0.16674	0.4857	0.1886	1.15236	0	1.1343	0.36222	0.31706	0	0.55375	0.67819	0.35175	0	0.28436999999999996	0	0.75934	0.8477	0.26608000000000004	0.47491000000000005	0.32739
k__Viruses|p__Viruses_unclassified|c__Viruses_unclassified|o__Herpesvirales|f__Herpesviridae|g__Simplexvirus	10239|||548681|10292|10294	0	0	0	0	0	0.17397	0	0	0	0	0	0	0	0.19834000000000002	0	0	0.18800999999999998	0	0	0.36264	0	0.19061	0	0
k__Viruses|p__Viruses_unclassified|c__Viruses_unclassified|o__Herpesvirales|f__Herpesviridae|g__Simplexvirus|s__Human_alphaherpesvirus_2	10239|||548681|10292|10294|10310	0	0	0	0	0	0.17397	0	0	0	0	0	0	0	0.19834000000000002	0	0	0.18800999999999998	0	0	0.36264	0	0.19061	0	0
k__Viruses|p__Viruses_unclassified|c__Viruses_unclassified|o__Herpesvirales|f__Herpesviridae|g__Varicellovirus	10239|||548681|10292|10319	0	0	0	0	0	0	0	0.22409	0	0	0	0	0	0	0	0	0	0	0	0	0	0	0.13853	0.17786
k__Viruses|p__Viruses_unclassified|c__Viruses_unclassified|o__Herpesvirales|f__Herpesviridae|g__Varicellovirus|s__Bovine_alphaherpesvirus_1	10239|||548681|10292|10319|10320	0	0	0	0	0	0	0	0.22409	0	0	0	0	0	0	0	0	0	0	0	0	0	0	0.13853	0
k__Viruses|p__Viruses_unclassified|c__Viruses_unclassified|o__Herpesvirales|f__Herpesviridae|g__Varicellovirus|s__Bovine_alphaherpesvirus_5	10239|||548681|10292|10319|35244	0	0	0	0	0	0	0	0	0	0	0	0	0	0	0	0	0	0	0	0	0	0	0	0.17786
k__Viruses|p__Viruses_unclassified|c__Viruses_unclassified|o__Ortervirales	10239|||2169561	16.18582	13.54459	16.06325	8.13695	7.491230000000001	11.6497	6.729889999999999	12.79375	15.461120000000001	18.418570000000003	15.404910000000001	15.81124	13.516929999999999	14.9943	11.20086	12.48395	12.93188	15.690439999999999	8.05998	11.94962	10.96825	14.3803	12.05364	13.50736
k__Viruses|p__Viruses_unclassified|c__Viruses_unclassified|o__Ortervirales|f__Retroviridae	10239|||2169561|11632	16.18582	13.54459	16.06325	8.13695	7.491230000000001	11.6497	6.729889999999999	12.79375	15.461120000000001	18.418570000000003	15.404910000000001	15.81124	13.516929999999999	14.9943	11.20086	12.48395	12.93188	15.690439999999999	8.05998	11.94962	10.96825	14.3803	12.05364	13.50736
k__Viruses|p__Viruses_unclassified|c__Viruses_unclassified|o__Ortervirales|f__Retroviridae|g__Betaretrovirus	10239|||2169561|11632|140052	3.82586	4.25375	3.82079	1.9851299999999998	2.64758	3.3993599999999997	1.49727	4.012580000000001	2.7801299999999998	6.51699	5.22166	3.9744800000000002	2.3691400000000002	2.42951	2.17257	2.57212	3.8382699999999996	2.67349	2.77018	3.11999	3.0697799999999997	4.39161	3.72075	2.32556
k__Viruses|p__Viruses_unclassified|c__Viruses_unclassified|o__Ortervirales|f__Retroviridae|g__Betaretrovirus|s__Mouse_mammary_tumor_virus	10239|||2169561|11632|140052|11757	3.82586	4.25375	3.82079	1.9851299999999998	2.64758	3.3993599999999997	1.49727	4.012580000000001	2.7801299999999998	6.51699	5.22166	3.9744800000000002	2.3691400000000002	2.42951	2.17257	2.57212	3.8382699999999996	2.67349	2.77018	3.11999	3.0697799999999997	4.39161	3.72075	2.32556
k__Viruses|p__Viruses_unclassified|c__Viruses_unclassified|o__Ortervirales|f__Retroviridae|g__Gammaretrovirus	10239|||2169561|11632|153135	12.359960000000001	9.29084	12.24245	6.15182	4.84365	8.25034	5.23261	8.78118	12.68099	11.901580000000001	10.18324	11.83676	11.147789999999999	12.564789999999999	9.02829	9.91183	9.09361	13.01695	5.2898	8.82963	7.898460000000001	9.98869	8.332889999999999	11.1818
k__Viruses|p__Viruses_unclassified|c__Viruses_unclassified|o__Ortervirales|f__Retroviridae|g__Gammaretrovirus|s__Abelson_murine_leukemia_virus	10239|||2169561|11632|153135|11788	0.19717	0.83249	0.30139	0.45135	0.40396	0.39221999999999996	0.3046	0.31019	1.50442	1.14499	1.17003	0.76812	0.40699	0.22359	0.73022	0.56811	0.8477600000000001	0.45928	0	0	0	0.21486999999999998	0.76702	0
k__Viruses|p__Viruses_unclassified|c__Viruses_unclassified|o__Ortervirales|f__Retroviridae|g__Gammaretrovirus|s__Feline_leukemia_virus	10239|||2169561|11632|153135|11768	0.54175	0.34310999999999997	0.6624899999999999	0	0	0.10777	0.08369	0.17046	0.1181	0.12584	0.8037	0.1407	0.22365	0	0.10032	0.62438	0.11647	0.12619	0	0.22464	0	0	0.21075	0.14528
k__Viruses|p__Viruses_unclassified|c__Viruses_unclassified|o__Ortervirales|f__Retroviridae|g__Gammaretrovirus|s__Koala_retrovirus	10239|||2169561|11632|153135|394239	0	0	0	0	0.15667	0.22818000000000002	0	0	0	0.13322	0	0.14895	0.23676999999999998	0	0	0	0	0.40078	0	0	0	0.125	0	0.1538
k__Viruses|p__Viruses_unclassified|c__Viruses_unclassified|o__Ortervirales|f__Retroviridae|g__Gammaretrovirus|s__Murine_osteosarcoma_virus	10239|||2169561|11632|153135|11830	11.621030000000001	8.11524	11.27857	5.70047	4.28303	7.5221800000000005	4.84433	8.12546	11.05846	10.497530000000001	8.20952	10.779000000000002	10.28037	12.34121	8.19775	8.71935	8.129380000000001	12.030710000000001	5.2898	8.604989999999999	7.898460000000001	9.648819999999999	7.355119999999999	10.882719999999999
k__Viruses|p__Viruses_unclassified|c__Viruses_unclassified|o__Ortervirales|f__Retroviridae|g__Gammaretrovirus|s__RD114_retrovirus	10239|||2169561|11632|153135|11834	0	0	0	0	0	0	0	0.17506	0	0	0	0	0	0	0	0	0	0	0	0	0	0	0	0
k__Viruses|p__Viruses_unclassified|c__Viruses_unclassified|o__Viruses_unclassified	10239|||	0.6544800000000001	0	0.25082	0	0.31265	0	0.50553	0.25814000000000004	0.5345300000000001	0.76012	0.48685	0	0.25306	0.46411	0.60596	0	0.17638	0	0.049710000000000004	0.3402	0.35429	0.53441	0.15958	0.54879
k__Viruses|p__Viruses_unclassified|c__Viruses_unclassified|o__Viruses_unclassified|f__Baculoviridae	10239||||10442	0.16409	0	0.25082	0	0.11205999999999999	0	0.12674000000000002	0.25814000000000004	0	0.19057000000000002	0.48685	0	0	0.18607	0.15192	0	0.17638	0	0	0.3402	0	0	0.15958	0.22002
k__Viruses|p__Viruses_unclassified|c__Viruses_unclassified|o__Viruses_unclassified|f__Baculoviridae|g__Alphabaculovirus	10239||||10442|558016	0.16409	0	0.25082	0	0.11205999999999999	0	0.12674000000000002	0.25814000000000004	0	0.19057000000000002	0.48685	0	0	0.18607	0.15192	0	0.17638	0	0	0.3402	0	0	0.15958	0.22002
k__Viruses|p__Viruses_unclassified|c__Viruses_unclassified|o__Viruses_unclassified|f__Baculoviridae|g__Alphabaculovirus|s__Chrysodeixis_chalcites_nucleopolyhedrovirus	10239||||10442|558016|320432	0.16409	0	0.25082	0	0.11205999999999999	0	0.12674000000000002	0.25814000000000004	0	0.19057000000000002	0.48685	0	0	0.18607	0.15192	0	0.17638	0	0	0.3402	0	0	0.15958	0.22002
k__Viruses|p__Viruses_unclassified|c__Viruses_unclassified|o__Viruses_unclassified|f__Flaviviridae	10239||||11050	0	0	0	0	0.03315	0	0	0	0	0	0	0	0	0	0	0	0	0	0.049710000000000004	0	0	0	0	0
k__Viruses|p__Viruses_unclassified|c__Viruses_unclassified|o__Viruses_unclassified|f__Flaviviridae|g__Pestivirus	10239||||11050|11095	0	0	0	0	0.03315	0	0	0	0	0	0	0	0	0	0	0	0	0	0.049710000000000004	0	0	0	0	0
k__Viruses|p__Viruses_unclassified|c__Viruses_unclassified|o__Viruses_unclassified|f__Flaviviridae|g__Pestivirus|s__Pestivirus_A	10239||||11050|11095|2170080	0	0	0	0	0.03315	0	0	0	0	0	0	0	0	0	0	0	0	0	0.049710000000000004	0	0	0	0	0
k__Viruses|p__Viruses_unclassified|c__Viruses_unclassified|o__Viruses_unclassified|f__Polydnaviridae	10239||||10482	0.49038999999999994	0	0	0	0.16745	0	0.37878	0	0.5345300000000001	0.56955	0	0	0.25306	0.27804	0.45403999999999994	0	0	0	0	0	0.28376	0.53441	0	0.32877
k__Viruses|p__Viruses_unclassified|c__Viruses_unclassified|o__Viruses_unclassified|f__Polydnaviridae|g__Bracovirus	10239||||10482|10485	0.49038999999999994	0	0	0	0.16745	0	0.37878	0	0.5345300000000001	0.56955	0	0	0.25306	0.27804	0.45403999999999994	0	0	0	0	0	0.28376	0.53441	0	0.32877
k__Viruses|p__Viruses_unclassified|c__Viruses_unclassified|o__Viruses_unclassified|f__Polydnaviridae|g__Bracovirus|s__Cotesia_congregata_bracovirus	10239||||10482|10485|39640	0.49038999999999994	0	0	0	0.16745	0	0.37878	0	0.5345300000000001	0.56955	0	0	0.25306	0.27804	0.45403999999999994	0	0	0	0	0	0.28376	0.53441	0	0.32877
k__Viruses|p__Viruses_unclassified|c__Viruses_unclassified|o__Viruses_unclassified|f__Potyviridae	10239||||39729	0	0	0	0	0	0	0	0	0	0	0	0	0	0	0	0	0	0	0	0	0.07053	0	0	0
k__Viruses|p__Viruses_unclassified|c__Viruses_unclassified|o__Viruses_unclassified|f__Potyviridae|g__Potyvirus	10239||||39729|12195	0	0	0	0	0	0	0	0	0	0	0	0	0	0	0	0	0	0	0	0	0.07053	0	0	0
k__Viruses|p__Viruses_unclassified|c__Viruses_unclassified|o__Viruses_unclassified|f__Potyviridae|g__Potyvirus|s__Zantedeschia_mild_mosaic_virus	10239||||39729|12195|270478	0	0	0	0	0	0	0	0	0	0	0	0	0	0	0	0	0	0	0	0	0.07053	0	0	0
